10001
10004
10006
10008
10010
10034
10041
10059
10067
10074
10081
10084
10088
10090
10091
10092
10093
10094
10096
10102
10108
10111
10113
10116
10125
10126
10134
10135
10140
10141
10142
10143
10146
10148
10161
10165
10172
10176
10177
10186
10196
10204
10206
10209
10224
10230
10234
10236
10237
10239
10240
10242
10247
10249
10254
10257
10258
10259
10261
10262
10264
10265
10268
10270
10271
10272
10274
10281
10282
10292
10296
10299
10305
10306
10308
10309
10314
10315
10316
10319
10322
10323
10326
10327
10328
10329
10330
10332
10336
10337
10338
10339
10341
10343
10349
10371
10374
10388
10405
10411
10417
10419
10422
10423
10433
10434
10436
10438
10439
10441
10443
10454
10457
10458
10459
10461
10466
10468
10470
10471
10475
10478
10479
10481
20009
20032
20050
20063
20085
20087
20108
20123
20133
20136
20150
20214
20221
20229
20235
20273
20275
20302
20309
20317
20341
20344
20347
20353
20358
20382
20384
20387
20428
20457
20460
20461
20464
20465
20507
20518
20520
20530
20546
20552
20556
20564
20572
20585
20587
20590
20598
20605
20607
20611
20613
20627
20630
20644
20653
20654
20664
20674
20695
20699
20703
20705
20724
20733
20743
20757
20759
20767
20785
20870
20876
20877
20891
20897
20899
20901
20902
20903
20915
20919
20934
20948
20949
20954
20970
20976
20996
21001
21010
21014
21025
21042
21044
21046
21052
21057
21075
21080
21082
21088
21111
21117
21127
21130
21149
21163
21178
21181
21184
21204
21223
21224
21238
21249
21257
21268
21269
21271
21276
21305
21322
21325
21384
21386
21417
21449
21450
21458
21463
21505
21508
21523
21526
21539
21562
21575
21597
21598
21661
21675
21684
SUBJ
